              -4740.6974602617
          0.000000074       0.000000028       0.000000034
          0.000000028       0.000000110      -0.000000036
          0.000000034      -0.000000036      -0.000000070
          16
  1    79       0.000660589       0.000999685       0.002069617  Au
  1    79      -0.001463617      -0.001007864      -0.004176795  Au
  1    79      -0.000700179       0.001221685      -0.003064822  Au
  1    79      -0.000314139      -0.004317665      -0.004373524  Au
  1    79       0.003257865       0.001699656       0.003874844  Au
  1    79      -0.002061199      -0.002909991       0.002280775  Au
  1    79      -0.000340162       0.002609709      -0.004614744  Au
  1    79       0.001778136       0.001088597       0.000267076  Au
  1    79       0.002991760       0.002463605       0.002226947  Au
  1    79      -0.001030915       0.000675035       0.006147292  Au
  1    79      -0.001512593       0.003044644      -0.000764937  Au
  1    79      -0.000309229      -0.000042866       0.000855655  Au
  1    79       0.002434060       0.000789486       0.000991043  Au
  1    79      -0.001053815      -0.004287711      -0.001978717  Au
  1    79       0.000567389      -0.002359845      -0.000450443  Au
  1    79      -0.002974702       0.000363020       0.000677706  Au
