              -4740.6986119828
         -0.000000087       0.000000038       0.000000025
          0.000000038      -0.000000047      -0.000000000
          0.000000025      -0.000000000      -0.000000262
          16
  1    79      -0.000674206      -0.001128012      -0.000364590  Au
  1    79       0.000350555       0.002490985      -0.003534944  Au
  1    79       0.002284903       0.002678030       0.001811562  Au
  1    79      -0.001292569       0.000835959      -0.000214542  Au
  1    79      -0.000371473       0.000276027       0.000696217  Au
  1    79      -0.000662714      -0.000925575      -0.000154663  Au
  1    79       0.002254358      -0.005481259      -0.004527130  Au
  1    79      -0.001043563       0.004796807      -0.001832205  Au
  1    79       0.000543529      -0.000619064       0.000741585  Au
  1    79      -0.000035732      -0.000909692      -0.004340948  Au
  1    79      -0.000073106       0.000327800       0.001816431  Au
  1    79      -0.002849366      -0.001967996       0.004125305  Au
  1    79      -0.000105189      -0.003699562      -0.003585491  Au
  1    79       0.000957553      -0.000875262      -0.002364496  Au
  1    79       0.002790601      -0.000296282       0.006301502  Au
  1    79      -0.002111555       0.004528356       0.005406239  Au
